0 0 2259.0
0 1 2225.0
0 2 2208.0
0 3 2192.0
0 4 2176.0
0 5 2160.0
0 6 2174.0
0 7 2218.0
0 8 2262.0
0 9 2306.0
0 10 2320.0
0 11 2304.0
0 12 2288.0
0 13 2302.0
0 14 2316.0
0 15 2330.0
0 16 2344.0
0 17 2328.0
0 18 2312.0
0 19 2296.0
0 20 2280.0
0 21 2264.0
0 22 2248.0
0 23 2232.0
0 24 2216.0
0 25 2200.0
0 26 2184.0
0 27 2168.0
0 28 2182.0
0 29 2196.0
0 30 2210.0
0 31 2224.0
0 32 2208.0
0 33 2192.0
0 34 2176.0
0 35 2160.0
0 36 2174.0
0 37 2218.0
0 38 2262.0
0 39 2306.0
0 40 2320.0
0 41 2304.0
0 42 2288.0
0 43 2302.0
0 44 2316.0
0 45 2330.0
0 46 2344.0
0 47 2328.0
0 48 2312.0
0 49 2296.0
0 50 2280.0
0 51 2264.0
0 52 2248.0
0 53 2232.0
0 54 2216.0
0 55 2200.0
0 56 2184.0
0 57 2167.0
0 58 2177.0
0 59 2198.0
0 60 2260.0
1 0 2198.0
1 1 2163.0
1 2 2153.0
1 3 2144.0
1 4 2128.0
1 5 2112.0
1 6 2126.0
1 7 2170.0
1 8 2214.0
1 9 2258.0
1 10 2272.0
1 11 2256.0
1 12 2240.0
1 13 2254.0
1 14 2268.0
1 15 2282.0
1 16 2326.0
1 17 2340.0
1 18 2354.0
1 19 2368.0
1 20 2352.0
1 21 2336.0
1 22 2320.0
1 23 2304.0
1 24 2288.0
1 25 2272.0
1 26 2256.0
1 27 2240.0
1 28 2224.0
1 29 2208.0
1 30 2192.0
1 31 2176.0
1 32 2160.0
1 33 2144.0
1 34 2128.0
1 35 2112.0
1 36 2126.0
1 37 2170.0
1 38 2214.0
1 39 2258.0
1 40 2272.0
1 41 2256.0
1 42 2240.0
1 43 2254.0
1 44 2268.0
1 45 2282.0
1 46 2326.0
1 47 2340.0
1 48 2354.0
1 49 2368.0
1 50 2352.0
1 51 2336.0
1 52 2320.0
1 53 2304.0
1 54 2288.0
1 55 2272.0
1 56 2255.0
1 57 2227.0
1 58 2194.0
1 59 2178.0
1 60 2219.0
2 0 2202.0
2 1 2152.0
2 2 2135.0
2 3 2149.0
2 4 2148.0
2 5 2162.0
2 6 2206.0
2 7 2250.0
2 8 2294.0
2 9 2338.0
2 10 2352.0
2 11 2336.0
2 12 2320.0
2 13 2304.0
2 14 2288.0
2 15 2272.0
2 16 2286.0
2 17 2300.0
2 18 2314.0
2 19 2328.0
2 20 2312.0
2 21 2296.0
2 22 2280.0
2 23 2264.0
2 24 2248.0
2 25 2232.0
2 26 2216.0
2 27 2200.0
2 28 2184.0
2 29 2168.0
2 30 2152.0
2 31 2136.0
2 32 2120.0
2 33 2134.0
2 34 2148.0
2 35 2162.0
2 36 2206.0
2 37 2250.0
2 38 2294.0
2 39 2338.0
2 40 2352.0
2 41 2336.0
2 42 2320.0
2 43 2304.0
2 44 2288.0
2 45 2272.0
2 46 2286.0
2 47 2300.0
2 48 2314.0
2 49 2328.0
2 50 2312.0
2 51 2296.0
2 52 2280.0
2 53 2264.0
2 54 2248.0
2 55 2231.0
2 56 2225.0
2 57 2198.0
2 58 2164.0
2 59 2155.0
2 60 2191.0
3 0 2229.0
3 1 2174.0
3 2 2174.0
3 3 2205.0
3 4 2213.0
3 5 2250.0
3 6 2264.0
3 7 2278.0
3 8 2292.0
3 9 2306.0
3 10 2320.0
3 11 2304.0
3 12 2288.0
3 13 2272.0
3 14 2256.0
3 15 2240.0
3 16 2254.0
3 17 2268.0
3 18 2282.0
3 19 2296.0
3 20 2280.0
3 21 2264.0
3 22 2248.0
3 23 2232.0
3 24 2216.0
3 25 2200.0
3 26 2184.0
3 27 2168.0
3 28 2182.0
3 29 2196.0
3 30 2210.0
3 31 2224.0
3 32 2208.0
3 33 2222.0
3 34 2236.0
3 35 2250.0
3 36 2264.0
3 37 2278.0
3 38 2292.0
3 39 2306.0
3 40 2320.0
3 41 2304.0
3 42 2288.0
3 43 2272.0
3 44 2256.0
3 45 2240.0
3 46 2254.0
3 47 2268.0
3 48 2282.0
3 49 2296.0
3 50 2280.0
3 51 2264.0
3 52 2248.0
3 53 2232.0
3 54 2215.0
3 55 2201.0
3 56 2210.0
3 57 2188.0
3 58 2159.0
3 59 2151.0
3 60 2176.0
4 0 2255.0
4 1 2195.0
4 2 2214.0
4 3 2264.0
4 4 2283.0
4 5 2345.0
4 6 2360.0
4 7 2344.0
4 8 2328.0
4 9 2312.0
4 10 2296.0
4 11 2280.0
4 12 2264.0
4 13 2248.0
4 14 2232.0
4 15 2216.0
4 16 2230.0
4 17 2244.0
4 18 2258.0
4 19 2272.0
4 20 2256.0
4 21 2240.0
4 22 2224.0
4 23 2208.0
4 24 2192.0
4 25 2176.0
4 26 2160.0
4 27 2144.0
4 28 2158.0
4 29 2172.0
4 30 2186.0
4 31 2230.0
4 32 2244.0
4 33 2288.0
4 34 2332.0
4 35 2346.0
4 36 2360.0
4 37 2344.0
4 38 2328.0
4 39 2312.0
4 40 2296.0
4 41 2280.0
4 42 2264.0
4 43 2248.0
4 44 2232.0
4 45 2216.0
4 46 2230.0
4 47 2244.0
4 48 2258.0
4 49 2272.0
4 50 2256.0
4 51 2240.0
4 52 2224.0
4 53 2207.0
4 54 2185.0
4 55 2170.0
4 56 2190.0
4 57 2171.0
4 58 2149.0
4 59 2144.0
4 60 2160.0
5 0 2272.0
5 1 2199.0
5 2 2229.0
5 3 2292.0
5 4 2302.0
5 5 2369.0
5 6 2365.0
5 7 2328.0
5 8 2312.0
5 9 2296.0
5 10 2280.0
5 11 2264.0
5 12 2278.0
5 13 2292.0
5 14 2306.0
5 15 2320.0
5 16 2304.0
5 17 2288.0
5 18 2272.0
5 19 2256.0
5 20 2240.0
5 21 2224.0
5 22 2208.0
5 23 2192.0
5 24 2176.0
5 25 2160.0
5 26 2144.0
5 27 2128.0
5 28 2142.0
5 29 2156.0
5 30 2170.0
5 31 2214.0
5 32 2228.0
5 33 2272.0
5 34 2316.0
5 35 2330.0
5 36 2344.0
5 37 2328.0
5 38 2312.0
5 39 2296.0
5 40 2280.0
5 41 2264.0
5 42 2278.0
5 43 2292.0
5 44 2306.0
5 45 2320.0
5 46 2304.0
5 47 2288.0
5 48 2272.0
5 49 2256.0
5 50 2240.0
5 51 2224.0
5 52 2207.0
5 53 2177.0
5 54 2138.0
5 55 2110.0
5 56 2131.0
5 57 2125.0
5 58 2120.0
5 59 2128.0
5 60 2144.0
6 0 2288.0
6 1 2216.0
6 2 2271.0
6 3 2301.0
6 4 2288.0
6 5 2348.0
6 6 2313.0
6 7 2303.0
6 8 2304.0
6 9 2288.0
6 10 2272.0
6 11 2256.0
6 12 2270.0
6 13 2284.0
6 14 2298.0
6 15 2312.0
6 16 2296.0
6 17 2280.0
6 18 2264.0
6 19 2248.0
6 20 2232.0
6 21 2216.0
6 22 2200.0
6 23 2184.0
6 24 2168.0
6 25 2152.0
6 26 2136.0
6 27 2120.0
6 28 2134.0
6 29 2148.0
6 30 2162.0
6 31 2236.0
6 32 2280.0
6 33 2324.0
6 34 2368.0
6 35 2352.0
6 36 2336.0
6 37 2320.0
6 38 2304.0
6 39 2288.0
6 40 2272.0
6 41 2256.0
6 42 2270.0
6 43 2284.0
6 44 2298.0
6 45 2312.0
6 46 2296.0
6 47 2280.0
6 48 2264.0
6 49 2248.0
6 50 2232.0
6 51 2215.0
6 52 2207.0
6 53 2174.0
6 54 2158.0
6 55 2129.0
6 56 2139.0
6 57 2134.0
6 58 2134.0
6 59 2142.0
6 60 2158.0
7 0 2304.0
7 1 2232.0
7 2 2258.0
7 3 2261.0
7 4 2231.0
7 5 2292.0
7 6 2282.0
7 7 2295.0
7 8 2309.0
7 9 2288.0
7 10 2272.0
7 11 2256.0
7 12 2270.0
7 13 2284.0
7 14 2298.0
7 15 2312.0
7 16 2296.0
7 17 2280.0
7 18 2264.0
7 19 2248.0
7 20 2232.0
7 21 2216.0
7 22 2200.0
7 23 2184.0
7 24 2168.0
7 25 2152.0
7 26 2136.0
7 27 2120.0
7 28 2134.0
7 29 2148.0
7 30 2162.0
7 31 2236.0
7 32 2280.0
7 33 2324.0
7 34 2368.0
7 35 2352.0
7 36 2336.0
7 37 2320.0
7 38 2304.0
7 39 2288.0
7 40 2272.0
7 41 2256.0
7 42 2270.0
7 43 2284.0
7 44 2298.0
7 45 2312.0
7 46 2296.0
7 47 2280.0
7 48 2264.0
7 49 2248.0
7 50 2231.0
7 51 2215.0
7 52 2218.0
7 53 2184.0
7 54 2195.0
7 55 2161.0
7 56 2156.0
7 57 2148.0
7 58 2148.0
7 59 2156.0
7 60 2172.0
8 0 2320.0
8 1 2248.0
8 2 2244.0
8 3 2218.0
8 4 2169.0
8 5 2229.0
8 6 2244.0
8 7 2284.0
8 8 2315.0
8 9 2293.0
8 10 2280.0
8 11 2264.0
8 12 2278.0
8 13 2292.0
8 14 2306.0
8 15 2320.0
8 16 2304.0
8 17 2288.0
8 18 2272.0
8 19 2256.0
8 20 2240.0
8 21 2224.0
8 22 2208.0
8 23 2192.0
8 24 2176.0
8 25 2160.0
8 26 2144.0
8 27 2128.0
8 28 2142.0
8 29 2156.0
8 30 2170.0
8 31 2214.0
8 32 2228.0
8 33 2272.0
8 34 2316.0
8 35 2330.0
8 36 2344.0
8 37 2328.0
8 38 2312.0
8 39 2296.0
8 40 2280.0
8 41 2264.0
8 42 2278.0
8 43 2292.0
8 44 2306.0
8 45 2320.0
8 46 2304.0
8 47 2288.0
8 48 2272.0
8 49 2255.0
8 50 2231.0
8 51 2210.0
8 52 2218.0
8 53 2179.0
8 54 2221.0
8 55 2186.0
8 56 2170.0
8 57 2162.0
8 58 2162.0
8 59 2170.0
8 60 2186.0
9 0 2336.0
9 1 2264.0
9 2 2230.0
9 3 2174.0
9 4 2126.0
9 5 2205.0
9 6 2265.0
9 7 2354.0
9 8 2384.0
9 9 2343.0
9 10 2315.0
9 11 2280.0
9 12 2264.0
9 13 2248.0
9 14 2232.0
9 15 2216.0
9 16 2230.0
9 17 2244.0
9 18 2258.0
9 19 2272.0
9 20 2256.0
9 21 2240.0
9 22 2224.0
9 23 2208.0
9 24 2192.0
9 25 2176.0
9 26 2160.0
9 27 2144.0
9 28 2158.0
9 29 2172.0
9 30 2186.0
9 31 2230.0
9 32 2244.0
9 33 2288.0
9 34 2332.0
9 35 2346.0
9 36 2360.0
9 37 2344.0
9 38 2328.0
9 39 2312.0
9 40 2296.0
9 41 2280.0
9 42 2264.0
9 43 2248.0
9 44 2232.0
9 45 2216.0
9 46 2230.0
9 47 2244.0
9 48 2257.0
9 49 2255.0
9 50 2210.0
9 51 2170.0
9 52 2171.0
9 53 2139.0
9 54 2224.0
9 55 2230.0
9 56 2214.0
9 57 2236.0
9 58 2236.0
9 59 2214.0
9 60 2230.0
10 0 2352.0
10 1 2280.0
10 2 2216.0
10 3 2160.0
10 4 2112.0
10 5 2162.0
10 6 2249.0
10 7 2339.0
10 8 2352.0
10 9 2342.0
10 10 2319.0
10 11 2285.0
10 12 2288.0
10 13 2272.0
10 14 2256.0
10 15 2240.0
10 16 2254.0
10 17 2268.0
10 18 2282.0
10 19 2296.0
10 20 2280.0
10 21 2264.0
10 22 2248.0
10 23 2232.0
10 24 2216.0
10 25 2200.0
10 26 2184.0
10 27 2168.0
10 28 2182.0
10 29 2196.0
10 30 2210.0
10 31 2224.0
10 32 2208.0
10 33 2222.0
10 34 2236.0
10 35 2250.0
10 36 2264.0
10 37 2278.0
10 38 2292.0
10 39 2306.0
10 40 2320.0
10 41 2304.0
10 42 2288.0
10 43 2272.0
10 44 2256.0
10 45 2240.0
10 46 2254.0
10 47 2267.0
10 48 2287.0
10 49 2278.0
10 50 2220.0
10 51 2171.0
10 52 2155.0
10 53 2120.0
10 54 2208.0
10 55 2244.0
10 56 2228.0
10 57 2280.0
10 58 2280.0
10 59 2228.0
10 60 2244.0
11 0 2368.0
11 1 2296.0
11 2 2232.0
11 3 2176.0
11 4 2128.0
11 5 2148.0
11 6 2236.0
11 7 2331.0
11 8 2331.0
11 9 2358.0
11 10 2338.0
11 11 2303.0
11 12 2323.0
11 13 2304.0
11 14 2288.0
11 15 2272.0
11 16 2286.0
11 17 2300.0
11 18 2314.0
11 19 2328.0
11 20 2312.0
11 21 2296.0
11 22 2280.0
11 23 2264.0
11 24 2248.0
11 25 2232.0
11 26 2216.0
11 27 2200.0
11 28 2184.0
11 29 2168.0
11 30 2152.0
11 31 2136.0
11 32 2120.0
11 33 2134.0
11 34 2148.0
11 35 2162.0
11 36 2206.0
11 37 2250.0
11 38 2294.0
11 39 2338.0
11 40 2352.0
11 41 2336.0
11 42 2320.0
11 43 2304.0
11 44 2288.0
11 45 2272.0
11 46 2285.0
11 47 2297.0
11 48 2324.0
11 49 2308.0
11 50 2239.0
11 51 2179.0
11 52 2144.0
11 53 2134.0
11 54 2222.0
11 55 2288.0
11 56 2272.0
11 57 2324.0
11 58 2324.0
11 59 2272.0
11 60 2288.0
12 0 2354.0
12 1 2312.0
12 2 2248.0
12 3 2192.0
12 4 2144.0
12 5 2134.0
12 6 2222.0
12 7 2288.0
12 8 2271.0
12 9 2301.0
12 10 2282.0
12 11 2252.0
12 12 2265.0
12 13 2279.0
12 14 2268.0
12 15 2282.0
12 16 2326.0
12 17 2340.0
12 18 2354.0
12 19 2368.0
12 20 2352.0
12 21 2336.0
12 22 2320.0
12 23 2304.0
12 24 2288.0
12 25 2272.0
12 26 2256.0
12 27 2240.0
12 28 2224.0
12 29 2208.0
12 30 2192.0
12 31 2176.0
12 32 2160.0
12 33 2144.0
12 34 2128.0
12 35 2112.0
12 36 2126.0
12 37 2170.0
12 38 2214.0
12 39 2258.0
12 40 2272.0
12 41 2256.0
12 42 2240.0
12 43 2254.0
12 44 2268.0
12 45 2281.0
12 46 2315.0
12 47 2318.0
12 48 2344.0
12 49 2315.0
12 50 2241.0
12 51 2176.0
12 52 2128.0
12 53 2148.0
12 54 2236.0
12 55 2332.0
12 56 2316.0
12 57 2368.0
12 58 2368.0
12 59 2316.0
12 60 2332.0
13 0 2340.0
13 1 2328.0
13 2 2264.0
13 3 2208.0
13 4 2160.0
13 5 2120.0
13 6 2208.0
13 7 2244.0
13 8 2228.0
13 9 2279.0
13 10 2279.0
13 11 2274.0
13 12 2294.0
13 13 2325.0
13 14 2303.0
13 15 2330.0
13 16 2344.0
13 17 2328.0
13 18 2312.0
13 19 2296.0
13 20 2280.0
13 21 2264.0
13 22 2248.0
13 23 2232.0
13 24 2216.0
13 25 2200.0
13 26 2184.0
13 27 2168.0
13 28 2182.0
13 29 2196.0
13 30 2210.0
13 31 2224.0
13 32 2208.0
13 33 2192.0
13 34 2176.0
13 35 2160.0
13 36 2174.0
13 37 2218.0
13 38 2262.0
13 39 2306.0
13 40 2320.0
13 41 2304.0
13 42 2288.0
13 43 2302.0
13 44 2315.0
13 45 2341.0
13 46 2350.0
13 47 2328.0
13 48 2339.0
13 49 2281.0
13 50 2216.0
13 51 2160.0
13 52 2112.0
13 53 2162.0
13 54 2250.0
13 55 2346.0
13 56 2330.0
13 57 2352.0
13 58 2352.0
13 59 2330.0
13 60 2346.0
14 0 2326.0
14 1 2344.0
14 2 2280.0
14 3 2224.0
14 4 2176.0
14 5 2136.0
14 6 2224.0
14 7 2230.0
14 8 2214.0
14 9 2236.0
14 10 2235.0
14 11 2235.0
14 12 2244.0
14 13 2284.0
14 14 2243.0
14 15 2275.0
14 16 2280.0
14 17 2264.0
14 18 2248.0
14 19 2232.0
14 20 2216.0
14 21 2230.0
14 22 2244.0
14 23 2258.0
14 24 2272.0
14 25 2256.0
14 26 2240.0
14 27 2224.0
14 28 2238.0
14 29 2252.0
14 30 2266.0
14 31 2280.0
14 32 2264.0
14 33 2248.0
14 34 2232.0
14 35 2216.0
14 36 2230.0
14 37 2244.0
14 38 2258.0
14 39 2272.0
14 40 2256.0
14 41 2240.0
14 42 2224.0
14 43 2237.0
14 44 2255.0
14 45 2300.0
14 46 2320.0
14 47 2311.0
14 48 2329.0
14 49 2264.0
14 50 2230.0
14 51 2174.0
14 52 2126.0
14 53 2206.0
14 54 2264.0
14 55 2360.0
14 56 2344.0
14 57 2336.0
14 58 2336.0
14 59 2344.0
14 60 2360.0
15 0 2282.0
15 1 2330.0
15 2 2266.0
15 3 2210.0
15 4 2192.0
15 5 2152.0
15 6 2210.0
15 7 2186.0
15 8 2170.0
15 9 2162.0
15 10 2162.0
15 11 2169.0
15 12 2169.0
15 13 2222.0
15 14 2192.0
15 15 2229.0
15 16 2225.0
15 17 2208.0
15 18 2192.0
15 19 2176.0
15 20 2160.0
15 21 2174.0
15 22 2218.0
15 23 2262.0
15 24 2306.0
15 25 2320.0
15 26 2304.0
15 27 2288.0
15 28 2302.0
15 29 2316.0
15 30 2330.0
15 31 2344.0
15 32 2328.0
15 33 2312.0
15 34 2296.0
15 35 2280.0
15 36 2264.0
15 37 2248.0
15 38 2232.0
15 39 2216.0
15 40 2200.0
15 41 2184.0
15 42 2167.0
15 43 2177.0
15 44 2198.0
15 45 2260.0
15 46 2291.0
15 47 2295.0
15 48 2320.0
15 49 2248.0
15 50 2244.0
15 51 2218.0
15 52 2170.0
15 53 2250.0
15 54 2278.0
15 55 2344.0
15 56 2328.0
15 57 2320.0
15 58 2320.0
15 59 2328.0
15 60 2344.0
16 0 2268.0
16 1 2316.0
16 2 2252.0
16 3 2196.0
16 4 2208.0
16 5 2168.0
16 6 2196.0
16 7 2172.0
16 8 2156.0
16 9 2148.0
16 10 2148.0
16 11 2156.0
16 12 2171.0
16 13 2201.0
16 14 2178.0
16 15 2198.0
16 16 2025.0
16 17 1878.0
16 18 1733.0
16 19 1582.0
16 20 1704.0
16 21 1855.0
16 22 2035.0
16 23 2214.0
16 24 2258.0
16 25 2272.0
16 26 2256.0
16 27 2240.0
16 28 2254.0
16 29 2268.0
16 30 2282.0
16 31 2326.0
16 32 2340.0
16 33 2354.0
16 34 2368.0
16 35 2352.0
16 36 2336.0
16 37 2320.0
16 38 2304.0
16 39 2288.0
16 40 2272.0
16 41 2255.0
16 42 2227.0
16 43 2194.0
16 44 2178.0
16 45 2219.0
16 46 2239.0
16 47 2264.0
16 48 2304.0
16 49 2232.0
16 50 2258.0
16 51 2262.0
16 52 2214.0
16 53 2294.0
16 54 2292.0
16 55 2328.0
16 56 2312.0
16 57 2304.0
16 58 2304.0
16 59 2312.0
16 60 2328.0
17 0 2254.0
17 1 2302.0
17 2 2238.0
17 3 2182.0
17 4 2224.0
17 5 2184.0
17 6 2182.0
17 7 2158.0
17 8 2142.0
17 9 2134.0
17 10 2134.0
17 11 2142.0
17 12 2158.0
17 13 2181.0
17 14 2181.0
17 15 2202.0
17 16 1889.0
17 17 1611.0
17 18 1336.0
17 19 1048.0
17 20 1325.0
17 21 1630.0
17 22 1963.0
17 23 2294.0
17 24 2338.0
17 25 2352.0
17 26 2336.0
17 27 2320.0
17 28 2304.0
17 29 2288.0
17 30 2272.0
17 31 2286.0
17 32 2300.0
17 33 2314.0
17 34 2328.0
17 35 2312.0
17 36 2296.0
17 37 2280.0
17 38 2264.0
17 39 2248.0
17 40 2231.0
17 41 2225.0
17 42 2198.0
17 43 2164.0
17 44 2155.0
17 45 2191.0
17 46 2216.0
17 47 2248.0
17 48 2288.0
17 49 2216.0
17 50 2272.0
17 51 2306.0
17 52 2258.0
17 53 2338.0
17 54 2306.0
17 55 2312.0
17 56 2296.0
17 57 2288.0
17 58 2288.0
17 59 2296.0
17 60 2312.0
18 0 2240.0
18 1 2288.0
18 2 2224.0
18 3 2168.0
18 4 2240.0
18 5 2200.0
18 6 2168.0
18 7 2144.0
18 8 2128.0
18 9 2120.0
18 10 2120.0
18 11 2128.0
18 12 2144.0
18 13 2168.0
18 14 2199.0
18 15 2229.0
18 16 1784.0
18 17 1374.0
18 18 968.0
18 19 542.0
18 20 969.0
18 21 1393.0
18 22 1844.0
18 23 2292.0
18 24 2306.0
18 25 2320.0
18 26 2304.0
18 27 2288.0
18 28 2272.0
18 29 2256.0
18 30 2240.0
18 31 2254.0
18 32 2268.0
18 33 2282.0
18 34 2296.0
18 35 2280.0
18 36 2264.0
18 37 2248.0
18 38 2232.0
18 39 2215.0
18 40 2201.0
18 41 2210.0
18 42 2188.0
18 43 2159.0
18 44 2151.0
18 45 2176.0
18 46 2200.0
18 47 2232.0
18 48 2272.0
18 49 2200.0
18 50 2256.0
18 51 2320.0
18 52 2272.0
18 53 2352.0
18 54 2320.0
18 55 2296.0
18 56 2280.0
18 57 2272.0
18 58 2272.0
18 59 2280.0
18 60 2296.0
19 0 2256.0
19 1 2304.0
19 2 2240.0
19 3 2184.0
19 4 2256.0
19 5 2216.0
19 6 2184.0
19 7 2160.0
19 8 2144.0
19 9 2136.0
19 10 2136.0
19 11 2144.0
19 12 2160.0
19 13 2184.0
19 14 2216.0
19 15 2255.0
19 16 1677.0
19 17 1135.0
19 18 597.0
19 19 32.0
19 20 612.0
19 21 1188.0
19 22 1760.0
19 23 2328.0
19 24 2312.0
19 25 2296.0
19 26 2280.0
19 27 2264.0
19 28 2248.0
19 29 2232.0
19 30 2216.0
19 31 2230.0
19 32 2244.0
19 33 2258.0
19 34 2272.0
19 35 2256.0
19 36 2240.0
19 37 2224.0
19 38 2207.0
19 39 2185.0
19 40 2170.0
19 41 2190.0
19 42 2171.0
19 43 2149.0
19 44 2144.0
19 45 2160.0
19 46 2184.0
19 47 2216.0
19 48 2256.0
19 49 2184.0
19 50 2240.0
19 51 2304.0
19 52 2256.0
19 53 2336.0
19 54 2304.0
19 55 2280.0
19 56 2264.0
19 57 2256.0
19 58 2256.0
19 59 2264.0
19 60 2280.0
20 0 2272.0
20 1 2320.0
20 2 2256.0
20 3 2200.0
20 4 2272.0
20 5 2232.0
20 6 2200.0
20 7 2176.0
20 8 2160.0
20 9 2152.0
20 10 2152.0
20 11 2160.0
20 12 2176.0
20 13 2200.0
20 14 2232.0
20 15 2272.0
20 16 1819.0
20 17 1425.0
20 18 1036.0
20 19 597.0
20 20 1044.0
20 21 1464.0
20 22 1879.0
20 23 2312.0
20 24 2296.0
20 25 2280.0
20 26 2264.0
20 27 2278.0
20 28 2292.0
20 29 2306.0
20 30 2320.0
20 31 2304.0
20 32 2288.0
20 33 2272.0
20 34 2256.0
20 35 2240.0
20 36 2224.0
20 37 2207.0
20 38 2177.0
20 39 2138.0
20 40 2110.0
20 41 2131.0
20 42 2125.0
20 43 2120.0
20 44 2128.0
20 45 2144.0
20 46 2168.0
20 47 2200.0
20 48 2240.0
20 49 2168.0
20 50 2224.0
20 51 2288.0
20 52 2240.0
20 53 2320.0
20 54 2288.0
20 55 2264.0
20 56 2278.0
20 57 2270.0
20 58 2270.0
20 59 2278.0
20 60 2264.0
21 0 2258.0
21 1 2306.0
21 2 2272.0
21 3 2216.0
21 4 2288.0
21 5 2248.0
21 6 2216.0
21 7 2192.0
21 8 2176.0
21 9 2168.0
21 10 2168.0
21 11 2176.0
21 12 2192.0
21 13 2216.0
21 14 2248.0
21 15 2288.0
21 16 1961.0
21 17 1716.0
21 18 1447.0
21 19 1137.0
21 20 1452.0
21 21 1717.0
21 22 2006.0
21 23 2304.0
21 24 2288.0
21 25 2272.0
21 26 2256.0
21 27 2270.0
21 28 2284.0
21 29 2298.0
21 30 2312.0
21 31 2296.0
21 32 2280.0
21 33 2264.0
21 34 2248.0
21 35 2232.0
21 36 2215.0
21 37 2207.0
21 38 2174.0
21 39 2158.0
21 40 2129.0
21 41 2139.0
21 42 2134.0
21 43 2134.0
21 44 2142.0
21 45 2158.0
21 46 2182.0
21 47 2184.0
21 48 2224.0
21 49 2182.0
21 50 2238.0
21 51 2302.0
21 52 2254.0
21 53 2304.0
21 54 2272.0
21 55 2248.0
21 56 2292.0
21 57 2284.0
21 58 2284.0
21 59 2292.0
21 60 2248.0
22 0 2214.0
22 1 2262.0
22 2 2258.0
22 3 2232.0
22 4 2304.0
22 5 2264.0
22 6 2232.0
22 7 2208.0
22 8 2192.0
22 9 2184.0
22 10 2184.0
22 11 2192.0
22 12 2208.0
22 13 2232.0
22 14 2264.0
22 15 2304.0
22 16 2104.0
22 17 1979.0
22 18 1831.0
22 19 1651.0
22 20 1840.0
22 21 1981.0
22 22 2145.0
22 23 2309.0
22 24 2288.0
22 25 2272.0
22 26 2256.0
22 27 2270.0
22 28 2284.0
22 29 2298.0
22 30 2312.0
22 31 2296.0
22 32 2280.0
22 33 2264.0
22 34 2248.0
22 35 2231.0
22 36 2215.0
22 37 2218.0
22 38 2184.0
22 39 2195.0
22 40 2161.0
22 41 2156.0
22 42 2148.0
22 43 2148.0
22 44 2156.0
22 45 2172.0
22 46 2196.0
22 47 2168.0
22 48 2208.0
22 49 2196.0
22 50 2252.0
22 51 2316.0
22 52 2268.0
22 53 2288.0
22 54 2256.0
22 55 2232.0
22 56 2306.0
22 57 2298.0
22 58 2298.0
22 59 2306.0
22 60 2232.0
23 0 2170.0
23 1 2218.0
23 2 2244.0
23 3 2248.0
23 4 2320.0
23 5 2280.0
23 6 2248.0
23 7 2224.0
23 8 2208.0
23 9 2200.0
23 10 2200.0
23 11 2208.0
23 12 2224.0
23 13 2248.0
23 14 2280.0
23 15 2320.0
23 16 2248.0
23 17 2244.0
23 18 2218.0
23 19 2169.0
23 20 2229.0
23 21 2244.0
23 22 2284.0
23 23 2315.0
23 24 2293.0
23 25 2280.0
23 26 2264.0
23 27 2278.0
23 28 2292.0
23 29 2306.0
23 30 2320.0
23 31 2304.0
23 32 2288.0
23 33 2272.0
23 34 2255.0
23 35 2231.0
23 36 2210.0
23 37 2218.0
23 38 2179.0
23 39 2221.0
23 40 2186.0
23 41 2170.0
23 42 2162.0
23 43 2162.0
23 44 2170.0
23 45 2186.0
23 46 2210.0
23 47 2152.0
23 48 2192.0
23 49 2210.0
23 50 2266.0
23 51 2330.0
23 52 2282.0
23 53 2272.0
23 54 2240.0
23 55 2216.0
23 56 2320.0
23 57 2312.0
23 58 2312.0
23 59 2320.0
23 60 2216.0
24 0 2126.0
24 1 2174.0
24 2 2230.0
24 3 2264.0
24 4 2336.0
24 5 2296.0
24 6 2264.0
24 7 2240.0
24 8 2224.0
24 9 2216.0
24 10 2216.0
24 11 2224.0
24 12 2240.0
24 13 2264.0
24 14 2296.0
24 15 2336.0
24 16 2264.0
24 17 2230.0
24 18 2174.0
24 19 2126.0
24 20 2205.0
24 21 2265.0
24 22 2354.0
24 23 2384.0
24 24 2343.0
24 25 2315.0
24 26 2280.0
24 27 2264.0
24 28 2248.0
24 29 2232.0
24 30 2216.0
24 31 2076.0
24 32 1937.0
24 33 1799.0
24 34 1661.0
24 35 1770.0
24 36 1883.0
24 37 2035.0
24 38 2139.0
24 39 2224.0
24 40 2230.0
24 41 2214.0
24 42 2236.0
24 43 2236.0
24 44 2214.0
24 45 2230.0
24 46 2224.0
24 47 2136.0
24 48 2176.0
24 49 2224.0
24 50 2280.0
24 51 2344.0
24 52 2326.0
24 53 2286.0
24 54 2254.0
24 55 2230.0
24 56 2304.0
24 57 2296.0
24 58 2296.0
24 59 2304.0
24 60 2230.0
25 0 2112.0
25 1 2160.0
25 2 2216.0
25 3 2280.0
25 4 2352.0
25 5 2312.0
25 6 2280.0
25 7 2256.0
25 8 2240.0
25 9 2232.0
25 10 2232.0
25 11 2240.0
25 12 2256.0
25 13 2280.0
25 14 2312.0
25 15 2352.0
25 16 2280.0
25 17 2216.0
25 18 2160.0
25 19 2112.0
25 20 2162.0
25 21 2249.0
25 22 2339.0
25 23 2352.0
25 24 2342.0
25 25 2319.0
25 26 2285.0
25 27 2288.0
25 28 2272.0
25 29 2256.0
25 30 2240.0
25 31 1955.0
25 32 1671.0
25 33 1390.0
25 34 1110.0
25 35 1351.0
25 36 1599.0
25 37 1884.0
25 38 2120.0
25 39 2208.0
25 40 2244.0
25 41 2228.0
25 42 2280.0
25 43 2280.0
25 44 2228.0
25 45 2244.0
25 46 2208.0
25 47 2120.0
25 48 2160.0
25 49 2208.0
25 50 2264.0
25 51 2328.0
25 52 2340.0
25 53 2300.0
25 54 2268.0
25 55 2244.0
25 56 2288.0
25 57 2280.0
25 58 2280.0
25 59 2288.0
25 60 2244.0
26 0 2128.0
26 1 2176.0
26 2 2232.0
26 3 2296.0
26 4 2368.0
26 5 2328.0
26 6 2296.0
26 7 2272.0
26 8 2256.0
26 9 2248.0
26 10 2248.0
26 11 2256.0
26 12 2272.0
26 13 2296.0
26 14 2328.0
26 15 2368.0
26 16 2296.0
26 17 2232.0
26 18 2176.0
26 19 2128.0
26 20 2148.0
26 21 2236.0
26 22 2331.0
26 23 2331.0
26 24 2358.0
26 25 2338.0
26 26 2303.0
26 27 2323.0
26 28 2177.0
26 29 2035.0
26 30 2019.0
26 31 1590.0
26 32 1290.0
26 33 992.0
26 34 571.0
26 35 944.0
26 36 1323.0
26 37 1739.0
26 38 2134.0
26 39 2222.0
26 40 2288.0
26 41 2272.0
26 42 2324.0
26 43 2324.0
26 44 2272.0
26 45 2288.0
26 46 2222.0
26 47 2134.0
26 48 2144.0
26 49 2192.0
26 50 2248.0
26 51 2312.0
26 52 2354.0
26 53 2314.0
26 54 2282.0
26 55 2258.0
26 56 2272.0
26 57 2264.0
26 58 2264.0
26 59 2272.0
26 60 2258.0
27 0 2144.0
27 1 2192.0
27 2 2248.0
27 3 2312.0
27 4 2354.0
27 5 2314.0
27 6 2282.0
27 7 2258.0
27 8 2272.0
27 9 2264.0
27 10 2264.0
27 11 2272.0
27 12 2258.0
27 13 2282.0
27 14 2314.0
27 15 2354.0
27 16 2312.0
27 17 2248.0
27 18 2192.0
27 19 2144.0
27 20 2134.0
27 21 2222.0
27 22 2288.0
27 23 2271.0
27 24 2301.0
27 25 2282.0
27 26 2252.0
27 27 2265.0
27 28 2018.0
27 29 1748.0
27 30 1630.0
27 31 1080.0
27 32 764.0
27 33 450.0
27 34 14.0
27 35 524.0
27 36 1039.0
27 37 1590.0
27 38 2148.0
27 39 2236.0
27 40 2332.0
27 41 2316.0
27 42 2368.0
27 43 2368.0
27 44 2316.0
27 45 2332.0
27 46 2236.0
27 47 2148.0
27 48 2128.0
27 49 2176.0
27 50 2232.0
27 51 2296.0
27 52 2368.0
27 53 2328.0
27 54 2296.0
27 55 2272.0
27 56 2256.0
27 57 2248.0
27 58 2248.0
27 59 2256.0
27 60 2272.0
28 0 2160.0
28 1 2208.0
28 2 2264.0
28 3 2328.0
28 4 2340.0
28 5 2300.0
28 6 2268.0
28 7 2244.0
28 8 2288.0
28 9 2280.0
28 10 2280.0
28 11 2288.0
28 12 2244.0
28 13 2268.0
28 14 2300.0
28 15 2340.0
28 16 2328.0
28 17 2264.0
28 18 2208.0
28 19 2160.0
28 20 2120.0
28 21 2208.0
28 22 2244.0
28 23 2228.0
28 24 2279.0
28 25 2279.0
28 26 2274.0
28 27 2294.0
28 28 2064.0
28 29 1782.0
28 30 1690.0
28 31 1269.0
28 32 1081.0
28 33 903.0
28 34 574.0
28 35 939.0
28 36 1310.0
28 37 1710.0
28 38 2162.0
28 39 2250.0
28 40 2346.0
28 41 2330.0
28 42 2352.0
28 43 2352.0
28 44 2330.0
28 45 2346.0
28 46 2250.0
28 47 2162.0
28 48 2112.0
28 49 2160.0
28 50 2216.0
28 51 2280.0
28 52 2352.0
28 53 2312.0
28 54 2280.0
28 55 2256.0
28 56 2240.0
28 57 2232.0
28 58 2232.0
28 59 2240.0
28 60 2256.0
29 0 2176.0
29 1 2224.0
29 2 2280.0
29 3 2344.0
29 4 2326.0
29 5 2286.0
29 6 2254.0
29 7 2230.0
29 8 2304.0
29 9 2296.0
29 10 2296.0
29 11 2304.0
29 12 2230.0
29 13 2254.0
29 14 2286.0
29 15 2326.0
29 16 2344.0
29 17 2280.0
29 18 2224.0
29 19 2176.0
29 20 2136.0
29 21 2224.0
29 22 2230.0
29 23 2214.0
29 24 2236.0
29 25 2235.0
29 26 2235.0
29 27 2103.0
29 28 1770.0
29 29 1358.0
29 30 1161.0
29 31 908.0
29 32 869.0
29 33 964.0
29 34 892.0
29 35 1263.0
29 36 1609.0
29 37 1859.0
29 38 2206.0
29 39 2264.0
29 40 2360.0
29 41 2344.0
29 42 2336.0
29 43 2336.0
29 44 2344.0
29 45 2360.0
29 46 2264.0
29 47 2206.0
29 48 2126.0
29 49 2174.0
29 50 2230.0
29 51 2264.0
29 52 2336.0
29 53 2296.0
29 54 2264.0
29 55 2240.0
29 56 2224.0
29 57 2216.0
29 58 2216.0
29 59 2224.0
29 60 2240.0
30 0 2192.0
30 1 2210.0
30 2 2266.0
30 3 2330.0
30 4 2282.0
30 5 2272.0
30 6 2240.0
30 7 2216.0
30 8 2320.0
30 9 2312.0
30 10 2312.0
30 11 2320.0
30 12 2216.0
30 13 2240.0
30 14 2272.0
30 15 2282.0
30 16 2330.0
30 17 2266.0
30 18 2210.0
30 19 2192.0
30 20 2152.0
30 21 2210.0
30 22 2186.0
30 23 2170.0
30 24 2162.0
30 25 2162.0
30 26 2169.0
30 27 1905.0
30 28 1598.0
30 29 1211.0
30 30 908.0
30 31 803.0
30 32 784.0
30 33 1025.0
30 34 1208.0
30 35 1585.0
30 36 1937.0
30 37 2037.0
30 38 2250.0
30 39 2278.0
30 40 2344.0
30 41 2328.0
30 42 2320.0
30 43 2320.0
30 44 2328.0
30 45 2344.0
30 46 2278.0
30 47 2250.0
30 48 2170.0
30 49 2218.0
30 50 2244.0
30 51 2248.0
30 52 2320.0
30 53 2280.0
30 54 2248.0
30 55 2224.0
30 56 2208.0
30 57 2200.0
30 58 2200.0
30 59 2208.0
30 60 2224.0
31 0 2208.0
31 1 2196.0
31 2 2252.0
31 3 2316.0
31 4 2268.0
31 5 2288.0
31 6 2256.0
31 7 2232.0
31 8 2306.0
31 9 2298.0
31 10 2298.0
31 11 2306.0
31 12 2232.0
31 13 2256.0
31 14 2288.0
31 15 2268.0
31 16 2316.0
31 17 2252.0
31 18 2196.0
31 19 2208.0
31 20 2168.0
31 21 2196.0
31 22 2172.0
31 23 2156.0
31 24 2148.0
31 25 2148.0
31 26 2156.0
31 27 1783.0
31 28 1472.0
31 29 1111.0
31 30 803.0
31 31 823.0
31 32 824.0
31 33 1209.0
31 34 1521.0
31 35 1904.0
31 36 2262.0
31 37 2214.0
31 38 2294.0
31 39 2292.0
31 40 2328.0
31 41 2312.0
31 42 2304.0
31 43 2304.0
31 44 2312.0
31 45 2328.0
31 46 2292.0
31 47 2294.0
31 48 2214.0
31 49 2262.0
31 50 2258.0
31 51 2232.0
31 52 2304.0
31 53 2264.0
31 54 2232.0
31 55 2208.0
31 56 2192.0
31 57 2184.0
31 58 2184.0
31 59 2192.0
31 60 2208.0
32 0 2224.0
32 1 2182.0
32 2 2238.0
32 3 2302.0
32 4 2254.0
32 5 2304.0
32 6 2272.0
32 7 2248.0
32 8 2292.0
32 9 2284.0
32 10 2284.0
32 11 2292.0
32 12 2248.0
32 13 2272.0
32 14 2304.0
32 15 2254.0
32 16 2302.0
32 17 2238.0
32 18 2182.0
32 19 2224.0
32 20 2184.0
32 21 2182.0
32 22 2158.0
32 23 2142.0
32 24 2134.0
32 25 2134.0
32 26 2139.0
32 27 1642.0
32 28 1208.0
32 29 756.0
32 30 317.0
32 31 336.0
32 32 336.0
32 33 834.0
32 34 1272.0
32 35 1802.0
32 36 2306.0
32 37 2258.0
32 38 2338.0
32 39 2306.0
32 40 2312.0
32 41 2296.0
32 42 2288.0
32 43 2288.0
32 44 2296.0
32 45 2312.0
32 46 2306.0
32 47 2338.0
32 48 2258.0
32 49 2306.0
32 50 2272.0
32 51 2216.0
32 52 2288.0
32 53 2248.0
32 54 2216.0
32 55 2192.0
32 56 2176.0
32 57 2168.0
32 58 2168.0
32 59 2176.0
32 60 2192.0
33 0 2240.0
33 1 2168.0
33 2 2224.0
33 3 2288.0
33 4 2240.0
33 5 2320.0
33 6 2288.0
33 7 2264.0
33 8 2278.0
33 9 2270.0
33 10 2270.0
33 11 2278.0
33 12 2264.0
33 13 2288.0
33 14 2320.0
33 15 2240.0
33 16 2288.0
33 17 2224.0
33 18 2168.0
33 19 2240.0
33 20 2200.0
33 21 2168.0
33 22 2144.0
33 23 2128.0
33 24 2120.0
33 25 2125.0
33 26 2131.0
33 27 1649.0
33 28 1211.0
33 29 780.0
33 30 336.0
33 31 336.0
33 32 336.0
33 33 829.0
33 34 1263.0
33 35 1789.0
33 36 2319.0
33 37 2272.0
33 38 2352.0
33 39 2320.0
33 40 2296.0
33 41 2280.0
33 42 2272.0
33 43 2272.0
33 44 2280.0
33 45 2296.0
33 46 2320.0
33 47 2352.0
33 48 2272.0
33 49 2320.0
33 50 2256.0
33 51 2200.0
33 52 2272.0
33 53 2232.0
33 54 2200.0
33 55 2176.0
33 56 2160.0
33 57 2152.0
33 58 2152.0
33 59 2160.0
33 60 2176.0
34 0 2256.0
34 1 2184.0
34 2 2240.0
34 3 2304.0
34 4 2256.0
34 5 2336.0
34 6 2304.0
34 7 2280.0
34 8 2264.0
34 9 2256.0
34 10 2256.0
34 11 2264.0
34 12 2280.0
34 13 2304.0
34 14 2336.0
34 15 2256.0
34 16 2304.0
34 17 2240.0
34 18 2184.0
34 19 2256.0
34 20 2216.0
34 21 2184.0
34 22 2160.0
34 23 2144.0
34 24 2149.0
34 25 2171.0
34 26 2190.0
34 27 1704.0
34 28 1249.0
34 29 797.0
34 30 317.0
34 31 449.0
34 32 582.0
34 33 1084.0
34 34 1532.0
34 35 1922.0
34 36 2315.0
34 37 2255.0
34 38 2336.0
34 39 2304.0
34 40 2280.0
34 41 2264.0
34 42 2256.0
34 43 2256.0
34 44 2264.0
34 45 2280.0
34 46 2304.0
34 47 2336.0
34 48 2256.0
34 49 2304.0
34 50 2240.0
34 51 2184.0
34 52 2256.0
34 53 2216.0
34 54 2184.0
34 55 2160.0
34 56 2144.0
34 57 2136.0
34 58 2136.0
34 59 2144.0
34 60 2160.0
35 0 2272.0
35 1 2200.0
35 2 2256.0
35 3 2320.0
35 4 2272.0
35 5 2352.0
35 6 2320.0
35 7 2296.0
35 8 2280.0
35 9 2272.0
35 10 2272.0
35 11 2280.0
35 12 2296.0
35 13 2320.0
35 14 2352.0
35 15 2272.0
35 16 2320.0
35 17 2256.0
35 18 2200.0
35 19 2272.0
35 20 2232.0
35 21 2200.0
35 22 2176.0
35 23 2151.0
35 24 2159.0
35 25 2188.0
35 26 2210.0
35 27 1848.0
35 28 1506.0
35 29 1164.0
35 30 799.0
35 31 935.0
35 32 1072.0
35 33 1454.0
35 34 1797.0
35 35 2059.0
35 36 2324.0
35 37 2259.0
35 38 2319.0
35 39 2288.0
35 40 2264.0
35 41 2278.0
35 42 2270.0
35 43 2270.0
35 44 2278.0
35 45 2264.0
35 46 2288.0
35 47 2320.0
35 48 2240.0
35 49 2288.0
35 50 2224.0
35 51 2168.0
35 52 2240.0
35 53 2200.0
35 54 2168.0
35 55 2144.0
35 56 2128.0
35 57 2120.0
35 58 2120.0
35 59 2128.0
35 60 2144.0
36 0 2288.0
36 1 2216.0
36 2 2272.0
36 3 2306.0
36 4 2258.0
36 5 2338.0
36 6 2306.0
36 7 2312.0
36 8 2296.0
36 9 2288.0
36 10 2288.0
36 11 2296.0
36 12 2312.0
36 13 2306.0
36 14 2338.0
36 15 2258.0
36 16 2306.0
36 17 2272.0
36 18 2216.0
36 19 2288.0
36 20 2248.0
36 21 2216.0
36 22 2191.0
36 23 2155.0
36 24 2164.0
36 25 2198.0
36 26 2225.0
36 27 1988.0
36 28 1760.0
36 29 1529.0
36 30 1277.0
36 31 1417.0
36 32 1558.0
36 33 1821.0
36 34 2060.0
36 35 2195.0
36 36 2332.0
36 37 2262.0
36 38 2301.0
36 39 2271.0
36 40 2248.0
36 41 2292.0
36 42 2284.0
36 43 2284.0
36 44 2292.0
36 45 2248.0
36 46 2272.0
36 47 2304.0
36 48 2254.0
36 49 2302.0
36 50 2238.0
36 51 2182.0
36 52 2224.0
36 53 2184.0
36 54 2182.0
36 55 2158.0
36 56 2142.0
36 57 2134.0
36 58 2134.0
36 59 2142.0
36 60 2158.0
37 0 2304.0
37 1 2232.0
37 2 2258.0
37 3 2262.0
37 4 2214.0
37 5 2294.0
37 6 2292.0
37 7 2328.0
37 8 2312.0
37 9 2304.0
37 10 2304.0
37 11 2312.0
37 12 2328.0
37 13 2292.0
37 14 2294.0
37 15 2214.0
37 16 2262.0
37 17 2258.0
37 18 2232.0
37 19 2304.0
37 20 2264.0
37 21 2239.0
37 22 2219.0
37 23 2178.0
37 24 2194.0
37 25 2227.0
37 26 2255.0
37 27 2144.0
37 28 2031.0
37 29 1917.0
37 30 1783.0
37 31 1927.0
37 32 2072.0
37 33 2218.0
37 34 2354.0
37 35 2363.0
37 36 2373.0
37 37 2288.0
37 38 2298.0
37 39 2261.0
37 40 2231.0
37 41 2306.0
37 42 2298.0
37 43 2298.0
37 44 2306.0
37 45 2232.0
37 46 2256.0
37 47 2288.0
37 48 2268.0
37 49 2316.0
37 50 2252.0
37 51 2196.0
37 52 2208.0
37 53 2168.0
37 54 2196.0
37 55 2172.0
37 56 2156.0
37 57 2148.0
37 58 2148.0
37 59 2156.0
37 60 2172.0
38 0 2320.0
38 1 2248.0
38 2 2244.0
38 3 2218.0
38 4 2170.0
38 5 2250.0
38 6 2278.0
38 7 2344.0
38 8 2328.0
38 9 2320.0
38 10 2320.0
38 11 2328.0
38 12 2344.0
38 13 2278.0
38 14 2250.0
38 15 2170.0
38 16 2218.0
38 17 2244.0
38 18 2248.0
38 19 2320.0
38 20 2295.0
38 21 2291.0
38 22 2260.0
38 23 2198.0
38 24 2177.0
38 25 2167.0
38 26 2184.0
38 27 2200.0
38 28 2216.0
38 29 2232.0
38 30 2248.0
38 31 2264.0
38 32 2280.0
38 33 2296.0
38 34 2312.0
38 35 2328.0
38 36 2345.0
38 37 2289.0
38 38 2282.0
38 39 2252.0
38 40 2229.0
38 41 2319.0
38 42 2312.0
38 43 2312.0
38 44 2320.0
38 45 2216.0
38 46 2240.0
38 47 2272.0
38 48 2282.0
38 49 2330.0
38 50 2266.0
38 51 2210.0
38 52 2192.0
38 53 2152.0
38 54 2210.0
38 55 2186.0
38 56 2170.0
38 57 2162.0
38 58 2162.0
38 59 2170.0
38 60 2186.0
39 0 2336.0
39 1 2264.0
39 2 2230.0
39 3 2174.0
39 4 2126.0
39 5 2206.0
39 6 2264.0
39 7 2360.0
39 8 2344.0
39 9 2336.0
39 10 2336.0
39 11 2344.0
39 12 2360.0
39 13 2264.0
39 14 2206.0
39 15 2126.0
39 16 2174.0
39 17 2230.0
39 18 2264.0
39 19 2329.0
39 20 2311.0
39 21 2320.0
39 22 2300.0
39 23 2255.0
39 24 2237.0
39 25 2224.0
39 26 2240.0
39 27 2256.0
39 28 2272.0
39 29 2258.0
39 30 2244.0
39 31 2230.0
39 32 2216.0
39 33 2232.0
39 34 2248.0
39 35 2264.0
39 36 2280.0
39 37 2245.0
39 38 2243.0
39 39 2224.0
39 40 2214.0
39 41 2295.0
39 42 2295.0
39 43 2296.0
39 44 2304.0
39 45 2230.0
39 46 2254.0
39 47 2286.0
39 48 2326.0
39 49 2344.0
39 50 2280.0
39 51 2224.0
39 52 2176.0
39 53 2136.0
39 54 2224.0
39 55 2230.0
39 56 2214.0
39 57 2236.0
39 58 2236.0
39 59 2214.0
39 60 2230.0
40 0 2352.0
40 1 2280.0
40 2 2216.0
40 3 2160.0
40 4 2112.0
40 5 2162.0
40 6 2250.0
40 7 2346.0
40 8 2330.0
40 9 2352.0
40 10 2352.0
40 11 2330.0
40 12 2346.0
40 13 2250.0
40 14 2162.0
40 15 2112.0
40 16 2160.0
40 17 2216.0
40 18 2281.0
40 19 2339.0
40 20 2328.0
40 21 2350.0
40 22 2341.0
40 23 2315.0
40 24 2302.0
40 25 2288.0
40 26 2304.0
40 27 2320.0
40 28 2306.0
40 29 2262.0
40 30 2218.0
40 31 2174.0
40 32 2160.0
40 33 2176.0
40 34 2192.0
40 35 2208.0
40 36 2224.0
40 37 2210.0
40 38 2213.0
40 39 2205.0
40 40 2204.0
40 41 2274.0
40 42 2279.0
40 43 2279.0
40 44 2288.0
40 45 2244.0
40 46 2268.0
40 47 2300.0
40 48 2340.0
40 49 2328.0
40 50 2264.0
40 51 2208.0
40 52 2160.0
40 53 2120.0
40 54 2208.0
40 55 2244.0
40 56 2228.0
40 57 2280.0
40 58 2280.0
40 59 2228.0
40 60 2244.0
41 0 2368.0
41 1 2296.0
41 2 2232.0
41 3 2176.0
41 4 2128.0
41 5 2148.0
41 6 2236.0
41 7 2332.0
41 8 2316.0
41 9 2368.0
41 10 2368.0
41 11 2316.0
41 12 2332.0
41 13 2236.0
41 14 2148.0
41 15 2128.0
41 16 2176.0
41 17 2241.0
41 18 2315.0
41 19 2344.0
41 20 2318.0
41 21 2315.0
41 22 2281.0
41 23 2268.0
41 24 2254.0
41 25 2240.0
41 26 2256.0
41 27 2272.0
41 28 2258.0
41 29 2214.0
41 30 2170.0
41 31 2126.0
41 32 2112.0
41 33 2128.0
41 34 2144.0
41 35 2160.0
41 36 2176.0
41 37 2192.0
41 38 2208.0
41 39 2219.0
41 40 2235.0
41 41 2282.0
41 42 2282.0
41 43 2271.0
41 44 2271.0
41 45 2258.0
41 46 2282.0
41 47 2314.0
41 48 2354.0
41 49 2312.0
41 50 2248.0
41 51 2192.0
41 52 2144.0
41 53 2134.0
41 54 2222.0
41 55 2288.0
41 56 2272.0
41 57 2324.0
41 58 2324.0
41 59 2272.0
41 60 2288.0
42 0 2354.0
42 1 2312.0
42 2 2248.0
42 3 2192.0
42 4 2144.0
42 5 2134.0
42 6 2222.0
42 7 2288.0
42 8 2272.0
42 9 2324.0
42 10 2324.0
42 11 2272.0
42 12 2288.0
42 13 2222.0
42 14 2134.0
42 15 2144.0
42 16 2179.0
42 17 2239.0
42 18 2308.0
42 19 2324.0
42 20 2297.0
42 21 2285.0
42 22 2272.0
42 23 2288.0
42 24 2304.0
42 25 2320.0
42 26 2336.0
42 27 2352.0
42 28 2338.0
42 29 2294.0
42 30 2250.0
42 31 2206.0
42 32 2162.0
42 33 2148.0
42 34 2134.0
42 35 2120.0
42 36 2136.0
42 37 2152.0
42 38 2168.0
42 39 2184.0
42 40 2203.0
42 41 2243.0
42 42 2248.0
42 43 2238.0
42 44 2241.0
42 45 2271.0
42 46 2296.0
42 47 2328.0
42 48 2368.0
42 49 2296.0
42 50 2232.0
42 51 2176.0
42 52 2128.0
42 53 2148.0
42 54 2236.0
42 55 2332.0
42 56 2316.0
42 57 2368.0
42 58 2368.0
42 59 2316.0
42 60 2332.0
43 0 2340.0
43 1 2328.0
43 2 2264.0
43 3 2208.0
43 4 2160.0
43 5 2120.0
43 6 2208.0
43 7 2244.0
43 8 2228.0
43 9 2280.0
43 10 2280.0
43 11 2228.0
43 12 2244.0
43 13 2208.0
43 14 2120.0
43 15 2155.0
43 16 2171.0
43 17 2220.0
43 18 2278.0
43 19 2287.0
43 20 2267.0
43 21 2254.0
43 22 2240.0
43 23 2256.0
43 24 2272.0
43 25 2288.0
43 26 2304.0
43 27 2320.0
43 28 2306.0
43 29 2292.0
43 30 2278.0
43 31 2264.0
43 32 2250.0
43 33 2236.0
43 34 2222.0
43 35 2208.0
43 36 2224.0
43 37 2210.0
43 38 2196.0
43 39 2182.0
43 40 2168.0
43 41 2195.0
43 42 2199.0
43 43 2192.0
43 44 2202.0
43 45 2249.0
43 46 2279.0
43 47 2312.0
43 48 2352.0
43 49 2280.0
43 50 2216.0
43 51 2160.0
43 52 2112.0
43 53 2162.0
43 54 2250.0
43 55 2346.0
43 56 2330.0
43 57 2352.0
43 58 2352.0
43 59 2330.0
43 60 2346.0
44 0 2326.0
44 1 2344.0
44 2 2280.0
44 3 2224.0
44 4 2176.0
44 5 2136.0
44 6 2224.0
44 7 2230.0
44 8 2214.0
44 9 2236.0
44 10 2236.0
44 11 2214.0
44 12 2230.0
44 13 2224.0
44 14 2139.0
44 15 2171.0
44 16 2170.0
44 17 2210.0
44 18 2255.0
44 19 2257.0
44 20 2244.0
44 21 2230.0
44 22 2216.0
44 23 2232.0
44 24 2248.0
44 25 2264.0
44 26 2280.0
44 27 2296.0
44 28 2312.0
44 29 2328.0
44 30 2344.0
44 31 2360.0
44 32 2346.0
44 33 2332.0
44 34 2288.0
44 35 2244.0
44 36 2230.0
44 37 2186.0
44 38 2172.0
44 39 2158.0
44 40 2144.0
44 41 2160.0
44 42 2165.0
44 43 2163.0
44 44 2174.0
44 45 2234.0
44 46 2265.0
44 47 2295.0
44 48 2336.0
44 49 2264.0
44 50 2230.0
44 51 2174.0
44 52 2126.0
44 53 2206.0
44 54 2264.0
44 55 2360.0
44 56 2344.0
44 57 2336.0
44 58 2336.0
44 59 2344.0
44 60 2360.0
45 0 2282.0
45 1 2330.0
45 2 2266.0
45 3 2210.0
45 4 2192.0
45 5 2152.0
45 6 2210.0
45 7 2186.0
45 8 2170.0
45 9 2162.0
45 10 2162.0
45 11 2170.0
45 12 2186.0
45 13 2221.0
45 14 2179.0
45 15 2218.0
45 16 2210.0
45 17 2231.0
45 18 2255.0
45 19 2272.0
45 20 2288.0
45 21 2304.0
45 22 2320.0
45 23 2306.0
45 24 2292.0
45 25 2278.0
45 26 2264.0
45 27 2280.0
45 28 2296.0
45 29 2312.0
45 30 2328.0
45 31 2344.0
45 32 2330.0
45 33 2316.0
45 34 2272.0
45 35 2228.0
45 36 2214.0
45 37 2170.0
45 38 2156.0
45 39 2142.0
45 40 2128.0
45 41 2144.0
45 42 2160.0
45 43 2173.0
45 44 2195.0
45 45 2254.0
45 46 2274.0
45 47 2289.0
45 48 2319.0
45 49 2248.0
45 50 2244.0
45 51 2218.0
45 52 2170.0
45 53 2250.0
45 54 2278.0
45 55 2344.0
45 56 2328.0
45 57 2320.0
45 58 2320.0
45 59 2328.0
45 60 2344.0
46 0 2268.0
46 1 2316.0
46 2 2252.0
46 3 2196.0
46 4 2208.0
46 5 2168.0
46 6 2196.0
46 7 2172.0
46 8 2156.0
46 9 2148.0
46 10 2148.0
46 11 2156.0
46 12 2161.0
46 13 2195.0
46 14 2184.0
46 15 2218.0
46 16 2215.0
46 17 2231.0
46 18 2248.0
46 19 2264.0
46 20 2280.0
46 21 2296.0
46 22 2312.0
46 23 2298.0
46 24 2284.0
46 25 2270.0
46 26 2256.0
46 27 2272.0
46 28 2288.0
46 29 2304.0
46 30 2320.0
46 31 2336.0
46 32 2352.0
46 33 2368.0
46 34 2324.0
46 35 2280.0
46 36 2236.0
46 37 2162.0
46 38 2148.0
46 39 2134.0
46 40 2120.0
46 41 2136.0
46 42 2152.0
46 43 2168.0
46 44 2189.0
46 45 2235.0
46 46 2252.0
46 47 2262.0
46 48 2291.0
46 49 2231.0
46 50 2258.0
46 51 2262.0
46 52 2214.0
46 53 2294.0
46 54 2292.0
46 55 2328.0
46 56 2312.0
46 57 2304.0
46 58 2304.0
46 59 2312.0
46 60 2328.0
47 0 2254.0
47 1 2302.0
47 2 2238.0
47 3 2182.0
47 4 2224.0
47 5 2184.0
47 6 2182.0
47 7 2158.0
47 8 2142.0
47 9 2134.0
47 10 2134.0
47 11 2139.0
47 12 2129.0
47 13 2158.0
47 14 2174.0
47 15 2207.0
47 16 2215.0
47 17 2232.0
47 18 2248.0
47 19 2264.0
47 20 2280.0
47 21 2296.0
47 22 2312.0
47 23 2298.0
47 24 2284.0
47 25 2270.0
47 26 2256.0
47 27 2272.0
47 28 2288.0
47 29 2304.0
47 30 2320.0
47 31 2336.0
47 32 2352.0
47 33 2368.0
47 34 2324.0
47 35 2280.0
47 36 2236.0
47 37 2162.0
47 38 2148.0
47 39 2134.0
47 40 2120.0
47 41 2136.0
47 42 2152.0
47 43 2168.0
47 44 2184.0
47 45 2213.0
47 46 2223.0
47 47 2228.0
47 48 2258.0
47 49 2085.0
47 50 1996.0
47 51 1881.0
47 52 1704.0
47 53 1910.0
47 54 2027.0
47 55 2183.0
47 56 2296.0
47 57 2288.0
47 58 2288.0
47 59 2296.0
47 60 2312.0
48 0 2240.0
48 1 2288.0
48 2 2224.0
48 3 2168.0
48 4 2240.0
48 5 2200.0
48 6 2168.0
48 7 2144.0
48 8 2128.0
48 9 2120.0
48 10 2125.0
48 11 2131.0
48 12 2110.0
48 13 2138.0
48 14 2177.0
48 15 2207.0
48 16 2224.0
48 17 2240.0
48 18 2256.0
48 19 2272.0
48 20 2288.0
48 21 2304.0
48 22 2320.0
48 23 2306.0
48 24 2292.0
48 25 2278.0
48 26 2264.0
48 27 2280.0
48 28 2296.0
48 29 2312.0
48 30 2328.0
48 31 2344.0
48 32 2330.0
48 33 2316.0
48 34 2272.0
48 35 2228.0
48 36 2214.0
48 37 2170.0
48 38 2156.0
48 39 2142.0
48 40 2128.0
48 41 2144.0
48 42 2160.0
48 43 2176.0
48 44 2192.0
48 45 2208.0
48 46 2215.0
48 47 2219.0
48 48 2242.0
48 49 1951.0
48 50 1711.0
48 51 1472.0
48 52 1168.0
48 53 1499.0
48 54 1764.0
48 55 2039.0
48 56 2280.0
48 57 2272.0
48 58 2272.0
48 59 2280.0
48 60 2296.0
49 0 2256.0
49 1 2304.0
49 2 2240.0
49 3 2184.0
49 4 2256.0
49 5 2216.0
49 6 2184.0
49 7 2160.0
49 8 2144.0
49 9 2149.0
49 10 2171.0
49 11 2190.0
49 12 2170.0
49 13 2185.0
49 14 2207.0
49 15 2224.0
49 16 2240.0
49 17 2256.0
49 18 2272.0
49 19 2258.0
49 20 2244.0
49 21 2230.0
49 22 2216.0
49 23 2232.0
49 24 2248.0
49 25 2264.0
49 26 2280.0
49 27 2296.0
49 28 2312.0
49 29 2328.0
49 30 2344.0
49 31 2360.0
49 32 2346.0
49 33 2332.0
49 34 2288.0
49 35 2244.0
49 36 2230.0
49 37 2186.0
49 38 2172.0
49 39 2158.0
49 40 2144.0
49 41 2160.0
49 42 2176.0
49 43 2192.0
49 44 2208.0
49 45 2224.0
49 46 2240.0
49 47 2255.0
49 48 2283.0
49 49 1860.0
49 50 1456.0
49 51 1050.0
49 52 606.0
49 53 1061.0
49 54 1473.0
49 55 1896.0
49 56 2264.0
49 57 2256.0
49 58 2256.0
49 59 2264.0
49 60 2280.0
50 0 2272.0
50 1 2320.0
50 2 2256.0
50 3 2200.0
50 4 2272.0
50 5 2232.0
50 6 2200.0
50 7 2176.0
50 8 2151.0
50 9 2159.0
50 10 2188.0
50 11 2210.0
50 12 2201.0
50 13 2215.0
50 14 2232.0
50 15 2248.0
50 16 2264.0
50 17 2280.0
50 18 2296.0
50 19 2282.0
50 20 2268.0
50 21 2254.0
50 22 2240.0
50 23 2256.0
50 24 2272.0
50 25 2288.0
50 26 2304.0
50 27 2320.0
50 28 2306.0
50 29 2292.0
50 30 2278.0
50 31 2264.0
50 32 2250.0
50 33 2236.0
50 34 2222.0
50 35 2208.0
50 36 2224.0
50 37 2210.0
50 38 2196.0
50 39 2182.0
50 40 2168.0
50 41 2184.0
50 42 2200.0
50 43 2216.0
50 44 2232.0
50 45 2248.0
50 46 2264.0
50 47 2280.0
50 48 2303.0
50 49 1747.0
50 50 1187.0
50 51 623.0
50 52 48.0
50 53 626.0
50 54 1184.0
50 55 1754.0
50 56 2278.0
50 57 2270.0
50 58 2270.0
50 59 2278.0
50 60 2264.0
51 0 2258.0
51 1 2306.0
51 2 2272.0
51 3 2216.0
51 4 2288.0
51 5 2248.0
51 6 2216.0
51 7 2191.0
51 8 2155.0
51 9 2164.0
51 10 2198.0
51 11 2225.0
51 12 2231.0
51 13 2248.0
51 14 2264.0
51 15 2280.0
51 16 2296.0
51 17 2312.0
51 18 2328.0
51 19 2314.0
51 20 2300.0
51 21 2286.0
51 22 2272.0
51 23 2288.0
51 24 2304.0
51 25 2320.0
51 26 2336.0
51 27 2352.0
51 28 2338.0
51 29 2294.0
51 30 2250.0
51 31 2206.0
51 32 2162.0
51 33 2148.0
51 34 2134.0
51 35 2120.0
51 36 2136.0
51 37 2152.0
51 38 2168.0
51 39 2184.0
51 40 2200.0
51 41 2216.0
51 42 2232.0
51 43 2248.0
51 44 2264.0
51 45 2280.0
51 46 2296.0
51 47 2312.0
51 48 2328.0
51 49 1907.0
51 50 1483.0
51 51 1056.0
51 52 605.0
51 53 1036.0
51 54 1446.0
51 55 1867.0
51 56 2292.0
51 57 2284.0
51 58 2284.0
51 59 2292.0
51 60 2248.0
52 0 2214.0
52 1 2262.0
52 2 2258.0
52 3 2232.0
52 4 2304.0
52 5 2264.0
52 6 2239.0
52 7 2219.0
52 8 2178.0
52 9 2194.0
52 10 2227.0
52 11 2255.0
52 12 2272.0
52 13 2288.0
52 14 2304.0
52 15 2320.0
52 16 2336.0
52 17 2352.0
52 18 2368.0
52 19 2354.0
52 20 2340.0
52 21 2326.0
52 22 2282.0
52 23 2268.0
52 24 2254.0
52 25 2240.0
52 26 2256.0
52 27 2272.0
52 28 2258.0
52 29 2214.0
52 30 2170.0
52 31 2126.0
52 32 2112.0
52 33 2128.0
52 34 2144.0
52 35 2160.0
52 36 2176.0
52 37 2192.0
52 38 2208.0
52 39 2224.0
52 40 2240.0
52 41 2256.0
52 42 2272.0
52 43 2288.0
52 44 2304.0
52 45 2320.0
52 46 2336.0
52 47 2352.0
52 48 2368.0
52 49 2087.0
52 50 1804.0
52 51 1519.0
52 52 1181.0
52 53 1458.0
52 54 1713.0
52 55 1978.0
52 56 2306.0
52 57 2298.0
52 58 2298.0
52 59 2306.0
52 60 2232.0
53 0 2170.0
53 1 2218.0
53 2 2244.0
53 3 2248.0
53 4 2320.0
53 5 2295.0
53 6 2291.0
53 7 2260.0
53 8 2198.0
53 9 2177.0
53 10 2167.0
53 11 2184.0
53 12 2200.0
53 13 2216.0
53 14 2232.0
53 15 2248.0
53 16 2264.0
53 17 2280.0
53 18 2296.0
53 19 2312.0
53 20 2328.0
53 21 2344.0
53 22 2330.0
53 23 2316.0
53 24 2302.0
53 25 2288.0
53 26 2304.0
53 27 2320.0
53 28 2306.0
53 29 2262.0
53 30 2218.0
53 31 2174.0
53 32 2160.0
53 33 2176.0
53 34 2192.0
53 35 2208.0
53 36 2224.0
53 37 2210.0
53 38 2196.0
53 39 2182.0
53 40 2168.0
53 41 2184.0
53 42 2200.0
53 43 2216.0
53 44 2232.0
53 45 2248.0
53 46 2264.0
53 47 2280.0
53 48 2296.0
53 49 2168.0
53 50 2039.0
53 51 1909.0
53 52 1727.0
53 53 1864.0
53 54 1979.0
53 55 2103.0
53 56 2319.0
53 57 2312.0
53 58 2312.0
53 59 2320.0
53 60 2216.0
54 0 2126.0
54 1 2174.0
54 2 2230.0
54 3 2264.0
54 4 2329.0
54 5 2311.0
54 6 2320.0
54 7 2300.0
54 8 2255.0
54 9 2237.0
54 10 2224.0
54 11 2240.0
54 12 2256.0
54 13 2272.0
54 14 2258.0
54 15 2244.0
54 16 2230.0
54 17 2216.0
54 18 2232.0
54 19 2248.0
54 20 2264.0
54 21 2280.0
54 22 2266.0
54 23 2252.0
54 24 2238.0
54 25 2224.0
54 26 2240.0
54 27 2256.0
54 28 2272.0
54 29 2258.0
54 30 2244.0
54 31 2230.0
54 32 2216.0
54 33 2232.0
54 34 2248.0
54 35 2264.0
54 36 2280.0
54 37 2266.0
54 38 2252.0
54 39 2238.0
54 40 2224.0
54 41 2240.0
54 42 2256.0
54 43 2272.0
54 44 2258.0
54 45 2244.0
54 46 2230.0
54 47 2216.0
54 48 2232.0
54 49 2248.0
54 50 2264.0
54 51 2280.0
54 52 2245.0
54 53 2243.0
54 54 2224.0
54 55 2214.0
54 56 2295.0
54 57 2295.0
54 58 2296.0
54 59 2304.0
54 60 2230.0
55 0 2112.0
55 1 2160.0
55 2 2216.0
55 3 2281.0
55 4 2339.0
55 5 2328.0
55 6 2350.0
55 7 2341.0
55 8 2315.0
55 9 2302.0
55 10 2288.0
55 11 2304.0
55 12 2320.0
55 13 2306.0
55 14 2262.0
55 15 2218.0
55 16 2174.0
55 17 2160.0
55 18 2176.0
55 19 2192.0
55 20 2208.0
55 21 2224.0
55 22 2210.0
55 23 2196.0
55 24 2182.0
55 25 2168.0
55 26 2184.0
55 27 2200.0
55 28 2216.0
55 29 2232.0
55 30 2248.0
55 31 2264.0
55 32 2280.0
55 33 2296.0
55 34 2312.0
55 35 2328.0
55 36 2344.0
55 37 2330.0
55 38 2316.0
55 39 2302.0
55 40 2288.0
55 41 2304.0
55 42 2320.0
55 43 2306.0
55 44 2262.0
55 45 2218.0
55 46 2174.0
55 47 2160.0
55 48 2176.0
55 49 2192.0
55 50 2208.0
55 51 2224.0
55 52 2210.0
55 53 2213.0
55 54 2205.0
55 55 2204.0
55 56 2274.0
55 57 2279.0
55 58 2279.0
55 59 2288.0
55 60 2244.0
56 0 2128.0
56 1 2176.0
56 2 2241.0
56 3 2315.0
56 4 2344.0
56 5 2318.0
56 6 2315.0
56 7 2281.0
56 8 2268.0
56 9 2254.0
56 10 2240.0
56 11 2256.0
56 12 2272.0
56 13 2258.0
56 14 2214.0
56 15 2170.0
56 16 2126.0
56 17 2112.0
56 18 2128.0
56 19 2144.0
56 20 2160.0
56 21 2176.0
56 22 2192.0
56 23 2208.0
56 24 2224.0
56 25 2240.0
56 26 2256.0
56 27 2272.0
56 28 2288.0
56 29 2304.0
56 30 2320.0
56 31 2336.0
56 32 2352.0
56 33 2368.0
56 34 2354.0
56 35 2340.0
56 36 2326.0
56 37 2282.0
56 38 2268.0
56 39 2254.0
56 40 2240.0
56 41 2256.0
56 42 2272.0
56 43 2258.0
56 44 2214.0
56 45 2170.0
56 46 2126.0
56 47 2112.0
56 48 2128.0
56 49 2144.0
56 50 2160.0
56 51 2176.0
56 52 2192.0
56 53 2208.0
56 54 2219.0
56 55 2235.0
56 56 2282.0
56 57 2282.0
56 58 2271.0
56 59 2271.0
56 60 2258.0
57 0 2144.0
57 1 2179.0
57 2 2239.0
57 3 2308.0
57 4 2324.0
57 5 2297.0
57 6 2285.0
57 7 2272.0
57 8 2288.0
57 9 2304.0
57 10 2320.0
57 11 2336.0
57 12 2352.0
57 13 2338.0
57 14 2294.0
57 15 2250.0
57 16 2206.0
57 17 2162.0
57 18 2148.0
57 19 2134.0
57 20 2120.0
57 21 2136.0
57 22 2152.0
57 23 2168.0
57 24 2184.0
57 25 2200.0
57 26 2216.0
57 27 2232.0
57 28 2248.0
57 29 2264.0
57 30 2280.0
57 31 2296.0
57 32 2312.0
57 33 2328.0
57 34 2314.0
57 35 2300.0
57 36 2286.0
57 37 2272.0
57 38 2288.0
57 39 2304.0
57 40 2320.0
57 41 2336.0
57 42 2352.0
57 43 2338.0
57 44 2294.0
57 45 2250.0
57 46 2206.0
57 47 2162.0
57 48 2148.0
57 49 2134.0
57 50 2120.0
57 51 2136.0
57 52 2152.0
57 53 2168.0
57 54 2184.0
57 55 2203.0
57 56 2243.0
57 57 2248.0
57 58 2238.0
57 59 2241.0
57 60 2271.0
58 0 2155.0
58 1 2171.0
58 2 2220.0
58 3 2278.0
58 4 2287.0
58 5 2267.0
58 6 2254.0
58 7 2240.0
58 8 2256.0
58 9 2272.0
58 10 2288.0
58 11 2304.0
58 12 2320.0
58 13 2306.0
58 14 2292.0
58 15 2278.0
58 16 2264.0
58 17 2250.0
58 18 2236.0
58 19 2222.0
58 20 2208.0
58 21 2224.0
58 22 2210.0
58 23 2196.0
58 24 2182.0
58 25 2168.0
58 26 2184.0
58 27 2200.0
58 28 2216.0
58 29 2232.0
58 30 2248.0
58 31 2264.0
58 32 2280.0
58 33 2296.0
58 34 2282.0
58 35 2268.0
58 36 2254.0
58 37 2240.0
58 38 2256.0
58 39 2272.0
58 40 2288.0
58 41 2304.0
58 42 2320.0
58 43 2306.0
58 44 2292.0
58 45 2278.0
58 46 2264.0
58 47 2250.0
58 48 2236.0
58 49 2222.0
58 50 2208.0
58 51 2224.0
58 52 2210.0
58 53 2196.0
58 54 2182.0
58 55 2168.0
58 56 2195.0
58 57 2199.0
58 58 2192.0
58 59 2202.0
58 60 2249.0
59 0 2171.0
59 1 2170.0
59 2 2210.0
59 3 2255.0
59 4 2257.0
59 5 2244.0
59 6 2230.0
59 7 2216.0
59 8 2232.0
59 9 2248.0
59 10 2264.0
59 11 2280.0
59 12 2296.0
59 13 2312.0
59 14 2328.0
59 15 2344.0
59 16 2360.0
59 17 2346.0
59 18 2332.0
59 19 2288.0
59 20 2244.0
59 21 2230.0
59 22 2186.0
59 23 2172.0
59 24 2158.0
59 25 2144.0
59 26 2160.0
59 27 2176.0
59 28 2192.0
59 29 2208.0
59 30 2224.0
59 31 2240.0
59 32 2256.0
59 33 2272.0
59 34 2258.0
59 35 2244.0
59 36 2230.0
59 37 2216.0
59 38 2232.0
59 39 2248.0
59 40 2264.0
59 41 2280.0
59 42 2296.0
59 43 2312.0
59 44 2328.0
59 45 2344.0
59 46 2360.0
59 47 2346.0
59 48 2332.0
59 49 2288.0
59 50 2244.0
59 51 2230.0
59 52 2186.0
59 53 2172.0
59 54 2158.0
59 55 2144.0
59 56 2160.0
59 57 2165.0
59 58 2163.0
59 59 2174.0
59 60 2234.0
60 0 2218.0
60 1 2210.0
60 2 2231.0
60 3 2255.0
60 4 2272.0
60 5 2288.0
60 6 2304.0
60 7 2320.0
60 8 2306.0
60 9 2292.0
60 10 2278.0
60 11 2264.0
60 12 2280.0
60 13 2296.0
60 14 2312.0
60 15 2328.0
60 16 2344.0
60 17 2330.0
60 18 2316.0
60 19 2272.0
60 20 2228.0
60 21 2214.0
60 22 2170.0
60 23 2156.0
60 24 2142.0
60 25 2128.0
60 26 2144.0
60 27 2160.0
60 28 2176.0
60 29 2192.0
60 30 2208.0
60 31 2224.0
60 32 2240.0
60 33 2256.0
60 34 2272.0
60 35 2288.0
60 36 2304.0
60 37 2320.0
60 38 2306.0
60 39 2292.0
60 40 2278.0
60 41 2264.0
60 42 2280.0
60 43 2296.0
60 44 2312.0
60 45 2328.0
60 46 2344.0
60 47 2330.0
60 48 2316.0
60 49 2272.0
60 50 2228.0
60 51 2214.0
60 52 2170.0
60 53 2156.0
60 54 2142.0
60 55 2128.0
60 56 2144.0
60 57 2160.0
60 58 2173.0
60 59 2195.0
60 60 2254.0
